$ Rundeck
    1    1    1    0    1    0    0    1    0    1         0    0    00    0    0
 0.000E+00 0.000E+00 0.000E+00 0.000E+00 0.000E+00 0.000E+00 0.000E+00 0.000E+00    0      0.000E+00
 0.290E+03 0.600E+00 0.000E+00 0.000E+00 0.400E+00 0.000E+00 0.000E+00
    6    2    0    1    1   22    1
    40.000     0.000   180.000
     0.000     0.000     0.000     0.000     0.000
TEST : INPUT FOR MONORTM
    0.1000   10.0000   10.2000  100.0000
  200.0000  300.0000     7.020    20.000                        1
-1
%%%%%%%%%%%%%%%%
