Number of profiles:      1
Profile #      1 Number of layers  :     27 TSURF:   290.00  IRT:   3
LaunchD:           0 LaunchT:           0 BaseT:           0 Serial#           3 SondeAge:           0   0.000   0.000
  0.9722109E+03  285.9448    1.0003 1013.000 288.20 931.638 283.65
  0.1220706E+23  0.4712067E+17  0.5480499E+18  0.3579450E+24  0.1516913E+23  0.2539075E+18  0.4980091E+15  0.3939109E+14  0.7535684E+11  0.1337584E+25
  0.8938250E+03  281.3994    0.9996 855.746 279.10
  0.9593561E+22  0.4715015E+17  0.5122334E+18  0.3345527E+24  0.1411608E+23  0.2317001E+18  0.4340569E+15  0.3681682E+14  0.7043215E+11  0.1250170E+25
  0.8204094E+03  276.8469    1.0003 785.081 274.55
  0.7426764E+22  0.4720238E+17  0.4786838E+18  0.3126405E+24  0.1327359E+23  0.2111910E+18  0.3666761E+15  0.3440540E+14  0.6581905E+11  0.1168288E+25
  0.7519634E+03  272.2957    0.9996 719.030 270.00
  0.5477400E+22  0.4563068E+17  0.4461413E+18  0.2913861E+24  0.1261988E+23  0.1919129E+18  0.2989965E+15  0.3206640E+14  0.6134442E+11  0.1088864E+25
  0.6883560E+03  267.7507    1.0003 657.541 265.45
  0.3918731E+22  0.4325186E+17  0.4159342E+18  0.2716569E+24  0.1195781E+23  0.1746802E+18  0.2376464E+15  0.2989528E+14  0.5719095E+11  0.1015139E+25
  0.6291059E+03  263.1998    1.0003 600.568 260.90
  0.2775966E+22  0.4092468E+17  0.3869701E+18  0.2527398E+24  0.1115264E+23  0.1594339E+18  0.1843726E+15  0.2781348E+14  0.5320840E+11  0.9444493E+24
  0.5740399E+03  258.6468    0.9996 547.667 256.35
  0.1918590E+22  0.4031956E+17  0.3593047E+18  0.2346708E+24  0.1023557E+23  0.1467627E+18  0.1460855E+15  0.2582501E+14  0.4940438E+11  0.8769277E+24
  0.5230492E+03  254.0998    1.0003 498.418 251.80
  0.1321259E+22  0.4013853E+17  0.3336347E+18  0.2179052E+24  0.9449561E+22  0.1354618E+18  0.1173857E+15  0.2397997E+14  0.4587479E+11  0.8142765E+24
  0.4757694E+03  249.5526    0.9996 452.973 247.25
  0.9130748E+21  0.3978595E+17  0.3088534E+18  0.2017199E+24  0.8848456E+22  0.1242317E+18  0.9500785E+14  0.2219885E+14  0.4247337E+11  0.7537956E+24
  0.4319717E+03  244.9977    1.0003 411.100 242.70
  0.6091299E+21  0.4177369E+17  0.2859830E+18  0.1867827E+24  0.7947592E+22  0.1127320E+18  0.7845948E+14  0.2055503E+14  0.3938034E+11  0.6979776E+24
  0.3915242E+03  240.4485    1.0003 372.071 238.15
  0.4066583E+21  0.4395375E+17  0.2641829E+18  0.1725446E+24  0.7235303E+22  0.1011572E+18  0.6529750E+14  0.1898816E+14  0.3652148E+11  0.6447718E+24
  0.3542126E+03  235.9039    0.9996 336.245 233.60
  0.2641307E+21  0.4717342E+17  0.2434023E+18  0.1589999E+24  0.6752157E+22  0.8966227E+17  0.5479916E+14  0.1751450E+14  0.3392623E+11  0.5941576E+24
  0.3175830E+03  231.0388    1.0004 298.875 228.42
  0.1528336E+21  0.6702869E+17  0.2545400E+18  0.1664667E+24  0.7087513E+22  0.8857080E+17  0.5331370E+14  0.1845318E+14  0.3613944E+11  0.6220597E+24
  0.2818737E+03  225.8920    0.9998 265.000 223.30
  0.7171390E+20  0.8227475E+17  0.2301950E+18  0.1510307E+24  0.6426312E+22  0.7479970E+17  0.4532148E+14  0.1702141E+14  0.3346469E+11  0.5643777E+24
  0.2495079E+03  220.7333    0.9998 234.137 218.10
  0.3572584E+20  0.1050047E+18  0.2070896E+18  0.1368110E+24  0.5824704E+22  0.6257754E+17  0.3904429E+14  0.1618341E+14  0.3094231E+11  0.5112410E+24
  0.1949580E+03  216.7907    1.0000 155.704 216.70
  0.3573763E+20  0.5070028E+18  0.5171780E+18  0.3493952E+24  0.1492097E+23  0.1285213E+18  0.9460547E+14  0.5726494E+14  0.8329513E+11  0.1305635E+25
  0.1304214E+03  216.7000    1.0000 105.138 216.70
  0.6067590E+19  0.6410505E+18  0.3192859E+18  0.2250258E+24  0.9721794E+22  0.4777884E+17  0.6128709E+14  0.1470500E+15  0.6856909E+11  0.8408857E+24
  0.8810098E+02  216.7000    1.0000  71.050 216.70
  0.2816600E+19  0.8949419E+18  0.2014177E+18  0.1520216E+24  0.6538218E+22  0.1791483E+17  0.3826127E+14  0.3957467E+15  0.7769044E+11  0.5680808E+24
  0.5954031E+02  216.8246    1.0000  48.035 217.51
  0.1907882E+19  0.1143201E+19  0.1194321E+18  0.1026666E+24  0.4446494E+22  0.7145671E+16  0.1745522E+14  0.6133439E+15  0.9960337E+11  0.3836490E+24
  0.4031367E+02  218.6669    1.0000  32.598 220.00
  0.1347346E+19  0.1202686E+19  0.6797334E+17  0.6892770E+23  0.2974465E+22  0.4149886E+16  0.7631726E+13  0.7219550E+15  0.1797471E+12  0.2575719E+24
  0.2724164E+02  221.2045    1.0000  21.895 222.56
  0.1000046E+19  0.1119535E+19  0.4139294E+17  0.4785556E+23  0.2055425E+22  0.3320762E+16  0.4165813E+13  0.7871919E+15  0.4063440E+12  0.1788287E+24
  0.1833134E+02  223.7314    1.0000  14.774 225.10
  0.6944974E+18  0.8719637E+18  0.2446588E+17  0.3184982E+23  0.1363186E+22  0.2418258E+16  0.2381281E+13  0.7138559E+15  0.7159391E+12  0.1190178E+24
  0.1244505E+02  226.3499    1.0000  10.031 228.04
  0.4629516E+18  0.6375092E+18  0.1399591E+17  0.2055800E+23  0.8880108E+21  0.1673330E+16  0.1340259E+13  0.5887981E+15  0.1123213E+13  0.7682200E+23
  0.8363233E+01  230.0218    1.0000   6.829 233.12
  0.3255855E+18  0.4916672E+18  0.7984740E+16  0.1413260E+23  0.6087831E+21  0.1244388E+16  0.8294910E+12  0.4752401E+15  0.2182361E+13  0.5281129E+23
  0.5969425E+01  235.8207    0.9999   5.111 238.80
  0.1958917E+18  0.3106208E+18  0.3787345E+16  0.8371507E+22  0.3577074E+21  0.7990121E+15  0.4692572E+12  0.2882961E+15  0.3079429E+13  0.3128299E+23
  0.4472889E+01  241.4983    1.0001   3.799 244.70
  0.1447549E+18  0.2284258E+18  0.2113179E+16  0.6124859E+22  0.2669261E+21  0.6367796E+15  0.3520583E+12  0.1884305E+15  0.4290113E+13  0.2288763E+23
  0.3336666E+01  247.3954    0.9999   2.871 250.40
  0.9210995E+17  0.1382382E+18  0.9776159E+15  0.3854085E+22  0.1667908E+21  0.4394955E+15  0.2394404E+12  0.8900944E+14  0.4303638E+13  0.1440211E+23
